5.0962
18.9443
2.9741
3.5555
3.0542
7.8684
10.2328
4.0660
18.8212
5.0357
16.0384
3.9073
3.6574
7.4327
4.9385
2.4873
1.3515
5.7312
10.9522
7.1185
5.6346
6.5974
4.1582
7.1218
3.5807
27.1019
5.0933
10.4264
25.1244
12.6379
25.6157
6.3241
4.1895
2.8556
26.3497
6.2607
22.5998
4.7965
12.6785
2.5678
6.4122
7.4848
13.3803
5.7810
21.8049
10.8915
3.9168
34.1484
13.2838
3.8879
4.7609
5.7500
7.1579
6.0850
3.4110
42.3624
21.6925
6.7911
17.3395
6.7736
3.5300
5.3180
3.7381
21.8227
4.9402
4.3216
3.6742
10.3859
22.9637
3.6157
8.5636
6.6817
2.1873
18.9159
4.1970
4.2534
31.3810
5.2919
4.2149
18.7471
11.0426
4.4737
4.4300
6.7866
5.9800
35.9531
25.9621
9.1865
3.5571
19.9715
13.8803
5.0546
8.9317
6.1303
3.2711
2.7412
3.4074
4.1491
4.9813
3.9488
5.2692
4.0362
9.0164
5.2728
5.0987
3.3945
3.2957
5.4900
1.8617
4.2444
4.5603
11.1547
3.0495
7.2429
10.4605
5.1918
6.3340
13.8857
3.0403
1.2266
4.9886
5.1629
13.2845
6.2261
1.5000
8.7500
3.5470
7.1874
3.4173
4.5772
7.0961
10.1846
1.7201
3.9262
21.4280
5.7971
5.8658
6.9605
4.3060
3.6268
3.0425
3.8082
3.5264
22.2301
16.5463
2.3621
3.8402
2.5711
4.0522
3.8766
5.0138
6.1299
7.4115
10.7161
69.5357
23.2714
5.5772
5.2735
6.1773
5.8735
6.3881
5.0541
1.8387
16.9313
7.1919
3.7810
7.3679
3.6166
9.5264
28.5181
32.4645
6.3340
4.3252
5.9524
3.2962
5.7167
2.2539
4.3068
2.6122
3.6909
6.1305
3.3055
3.4835
5.3970
5.5296
4.1977
4.3607
4.1795
2.4727
4.1182
7.0428
5.4742
2.7000
13.0978
16.6571
2.8352
10.7557
4.8459
10.4324
5.6546
2.2526
3.8050
4.3770
20.6531
39.1603
25.8534
5.9280
5.0263
4.1704
3.7848
3.2425
3.3173
11.5101
25.8339
8.0691
4.3083
5.2321
5.2301
53.0847
4.1399
4.2500
6.5716
3.0047
5.3140
3.7323
3.7566
3.4500
18.7490
2.3114
25.1912
11.4753
28.6251
9.4000
48.8153
26.4053
5.1961
2.1094
5.7232
5.6638
4.9799
8.1942
15.7039
10.2903
4.8918
3.4683
25.9602
7.7051
2.9967
21.7942
12.7262
4.2467
3.1759
18.7464
20.4475
5.5079
8.6559
5.4924
6.9048
8.7213
6.0350
5.4011
4.5000
3.4831
6.3060
28.0531
4.1790
5.9423
5.8711
3.6111
3.2060
12.1583
25.7270
6.2207
7.7908
5.3604
3.5887
4.5430
22.2500
4.8287
26.6872
6.5500
4.0190
4.5325
4.2704
11.4430
25.2903
16.2500
4.3839
7.9471
9.7088
5.5643
5.2690
14.6546
3.6500
4.4271
5.5302
5.6853
6.7030
10.2031
15.1351
15.8958
7.2124
31.9980
5.4039
3.4498
6.6899
3.7122
5.5610
6.9000
2.4844
9.9359
42.6075
17.4726
3.9902
3.0680
5.7496
8.8391
3.8398
5.0386
8.8077
6.1608
4.1812
5.2111
6.7263
4.8226
5.7259
3.7552
4.7597
6.3664
21.9444
10.8645
24.8690
4.3275
44.9608
9.0940
5.4825
5.8598
4.0520
8.2888
7.3235
4.2932
7.1144
5.0778
5.9457
4.9454
3.6911
19.6903
2.6992
6.4311
5.4459
4.9541
3.2399
3.2258
13.7807
3.9697
2.9678
4.9662
8.5311
0.8646
4.3043
1.6195
7.6492
2.6483
4.3044
5.4748
4.0757
15.2262
7.9509
5.5141
5.5724
8.5831
31.8313
5.6503
13.0064
11.7831
7.6796
1.7158
2.9611
3.4187
12.0273
3.0794
22.8116
4.3870
3.1519
11.6742
5.4235
4.5071
5.3829
11.9756
7.8080
14.3985
5.8574
2.4338
4.9414
24.2155
6.0141
10.7769
2.8099
5.4925
23.3799
2.2810
22.0000
17.9159
5.6501
3.0182
2.4900
12.7618
5.1453
21.7887
4.5338
3.7596
29.6110
3.5882
24.4488
3.1029
26.1720
5.8484
3.9796
3.3414
4.4793
5.4684
3.6743
7.5000
3.7500
2.7500
20.5204
3.2106
3.9921
6.3289
44.6187
4.2884
44.6200
9.4963
4.4338
6.1321
6.7132
19.3721
18.9564
20.1092
6.1674
5.0475
8.0928
5.2699
4.5000
4.7033
5.4404
10.3130
13.6658
29.5098
16.0065
2.8180
5.7096
3.5005
19.5466
4.8082
4.5054
5.1325
3.7458
8.5918
21.5000
5.8394
17.6435
12.1488
3.3797
6.9949
4.5172
5.3397
5.6611
23.1623
4.2058
6.0565
3.0676
3.4250
3.1276
8.7104
5.4013
2.8451
22.5180
5.3934
3.3518
4.3174
6.9778
6.1521
4.8012
13.0000
8.5729
23.7610
52.9281
3.7608
2.3981
5.0882
9.9033
4.1173
3.9902
4.5675
3.3238
3.4500
6.1505
5.0941
4.5493
7.2745
12.9374
13.0536
3.7667
14.5580
5.9136
6.9836
12.8367
7.7880
18.3750
2.7695
3.8606
3.1575
4.8140
13.1691
4.5268
2.7244
3.3072
12.3162
3.9701
3.4867
12.0746
7.2647
44.1115
4.3528
11.9919
2.7729
4.8267
5.6217
6.2785
5.2087
39.5823
5.5615
5.8054
21.8415
4.7036
10.2317
6.7318
8.6503
5.5330
3.6000
14.8033
13.0809
21.5918
12.9810
6.4764
7.9931
2.8724
31.9615
28.1943
27.9445
4.8550
19.0299
6.3000
12.1004
7.3603
3.2647
10.4710
39.0162
4.3685
4.0900
42.7682
8.6424
7.3587
23.9947
33.7558
30.2556
45.4634
4.0371
3.5471
13.7954
5.7308
4.4550
3.9123
5.0311
5.7003
7.5086
43.4822
17.5617
7.8000
3.4016
4.7229
20.1677
19.4556
26.0189
12.1297
4.0864
6.2341
8.5562
5.4817
17.4946
6.6447
8.9644
8.2649
24.4997
5.0915
4.5349
5.0749
4.1187
3.6091
18.4717
5.7007
